0 0 50 10 2 36 58 61 40 72 149 67 35 50 3 86 270 21 105 6 76
0 355 55 22 234 32 10 32 90 8 54
0 518 28 36 33
0 797 30 29 163 50 148 113 90 23 82 109 21 84 54 13 122 32 73 20 22 90 79 81 99
0 1221 69 35 61 36 77 14 10 66 105 50 15 38 31 19 7 38 61
0 1431 92 23 1
0 1540 145
0 1703 6 31 62 28 19 1 21
0 1831 34 23 334 9 37 52 21 71 30
0 1906 49 66 179 51 198 29 134
0 1908 13 122 7 10 26 123 83 55 8 6 7 77 79 101 116 119 70
0 2267 156 75 27 104 100 8 11 56 1 99 7 82 49 14 33 50 34 125 2 112 15 24 33 85 37 106 6 8 1
0 2878 13 44 56 200 25 56 32 70 143 11 15
0 3356 14 105 42 15 65 121 23 83 189 20 8 89 38 47 125 131 58 95 30 236 7 42 21
0 3528 79 55 178 14 54 46 78
0 3672 40 5 83 24 52 42 40 12 7 90 93
